  9809     SAGA-LS   BL11
 20190220_05_rT  19.02.20 12:05 - 19.02.20 12:28
 ROI 435-470, PiezoDetune 0.6
 Ring :   1.4 GeV   213.6 mA -  204.2 mA
 Mono :   SI(111)       D=  3.13551 A    Initial angle= 23.29240 deg
 BL11      Transmission( 2)   Repetition=  1     Points=581
 Param file : --              energy axis(2)     Block =    9

 Block      Init-Eng  final-Eng      Step/eV     Time/s       Num
     1        4635.00   4935.00         6.00       1.00        50
     2        4935.00   5025.96         0.36       1.00       250
     3        5025.96   5102.16         1.90       1.00        40
     4        5102.16   5208.84         2.67       2.00        40
     5        5208.84   5346.00         3.43       2.00        40
     6        5346.00   5513.64         4.19       2.00        40
     7        5513.64   5711.76         4.95       4.00        40
     8        5711.76   5940.36         5.71       4.00        40
     9        5940.36   6199.44         6.48       4.00        41
 CAMAC( 1)     NDCH = 9
  Angle(c)  Angle(o)    time/s         1         2         3         1         2         3         1         2         3
      Mode         0         0         3         1         4       103       101       104         5         5         5
    Offset         0         0     0.000315794.600 27392.700     0.000     0.000     0.000     0.000     0.000     0.000
  25.24935  25.24940      1.00       108   8692971   3730780       279         0         0    999350         0         0
  25.21442  25.21450      1.00        82   8647138   3720458       274         0         0    999902         0         0
  25.17959  25.17970      1.00        52   8638710   3724295       247         0         0   1000896         0         0
  25.14486  25.14500      1.00        64   8628746   3723267       277         0         0    999954         0         0
  25.11023  25.11040      1.00        76   8499693   3677424       265         0         0    999374         0         0
  25.07570  25.07590      1.00        63   8398725   3642463       247         0         0    999436         0         0
  25.04127  25.04160      1.00        68   8325743   3619148       281         0         0    999879         0         0
  25.00693  25.00720      1.00        61   8177200   3561127       260         0         0    999365         0         0
  24.97270  24.97300      1.00        69   8081705   3533174       269         0         0    999413         0         0
  24.93856  24.93890      1.00        68   8085491   3535821       272         0         0    999884         0         0
  24.90451  24.90490      1.00        51   8056020   3537988       275         0         0    999443         0         0
  24.87057  24.87100      1.00        58   8008998   3524481       286         0         0    999379         0         0
  24.83671  24.83720      1.00        56   7949311   3502257       288         0         0    999988         0         0
  24.80296  24.80350      1.00        41   7913692   3494503       251         0         0    999335         0         0
  24.76930  24.76980      1.00        45   7908581   3497845       268         0         0    999422         0         0
  24.73573  24.73620      1.00        51   7936580   3517359       289         0         0    999407         0         0
  24.70226  24.70270      1.00        66   7891912   3503136       302         0         0    999467         0         0
  24.66888  24.66940      1.00        55   7944421   3532026       309         0         0    999374         0         0
  24.63559  24.63600      1.00        49   7906722   3524168       313         0         0    999474         0         0
  24.60240  24.60290      1.00        56   7730035   3460089       367         0         0    999932         0         0
  24.56930  24.56970      1.00        70   7661716   3429912       390         0         0    999490         0         0
  24.53630  24.53660      1.00        71   7640782   3427856       480         0         0    999377         0         0
  24.50338  24.50370      1.00        88   7701786   3458356       527         0         0    999460         0         0
  24.47055  24.47090      1.00       108   7682107   3459509       610         0         0    999415         0         0
  24.43782  24.43810      1.00        81   7682681   3466439       659         0         0    999322         0         0
  24.40518  24.40540      1.00       115   7675543   3464621       769         0         0    999190         0         0
  24.37263  24.37280      1.00       101   7740771   3500862       760         0         0    999640         0         0
  24.34016  24.34040      1.00       105   7790556   3531890       759         0         0    999273         0         0
  24.30779  24.30790      1.00        84   7800729   3547174       733         0         0   1000781         0         0
  24.27550  24.27570      1.00        94   7890727   3589609       803         0         0   1000674         0         0
  24.24331  24.24350      1.00        84   7984144   3635444       789         0         0    999141         0         0
  24.21120  24.21140      1.00        68   8021573   3657449       805         0         0    999716         0         0
  24.17918  24.17930      1.00        68   8037427   3673128       790         0         0    999145         0         0
  24.14725  24.14730      1.00        55   8117936   3717909       796         0         0    999146         0         0
  24.11540  24.11550      1.00        72   8217902   3760462       818         0         0    999136         0         0
  24.08364  24.08380      1.00        53   8262350   3791756       804         0         0    999182         0         0
  24.05197  24.05210      1.00        74   8283164   3806065       810         0         0    999134         0         0
  24.02039  24.02050      1.00        64   8289182   3821487       786         0         0    999126         0         0
  23.98889  23.98890      1.00        72   8256701   3810230       835         0         0    999640         0         0
  23.95747  23.95740      1.00        61   8247975   3812735       764         0         0    999121         0         0
  23.92614  23.92610      1.00        85   8269098   3831653       822         0         0    999098         0         0
  23.89490  23.89490      1.00        76   8223643   3813822       763         0         0    999205         0         0
  23.86373  23.86370      1.00        96   8201313   3814666       808         0         0    999149         0         0
  23.83266  23.83280      1.00       105   8079550   3769966       715         0         0    999256         0         0
  23.80166  23.80170      1.00       109   8061225   3762166       600         0         0    999277         0         0
  23.77075  23.77080      1.00       108   8079724   3777352       551         0         0    999442         0         0
  23.73992  23.74000      1.00       119   8228124   3853222       518         0         0   1000963         0         0
  23.70918  23.70920      1.00       162   8227102   3863983       557         0         0    999298         0         0
  23.67852  23.67850      1.00       172   8209488   3860129       612         0         0    999853         0         0
  23.64794  23.64800      1.00       175   8136117   3833133       571         0         0    999328         0         0
  23.61744  23.61750      1.00       236   8127620   3842593       668         0         0    999339         0         0
  23.61559  23.61560      1.00       237   8146942   3843637       656         0         0    999345         0         0
  23.61374  23.61390      1.00       255   8138456   3844630       638         0         0    999366         0         0
  23.61190  23.61200      1.00       260   8139234   3849836       674         0         0    999282         0         0
  23.61005  23.61020      1.00       245   8158843   3861510       641         0         0    999256         0         0
  23.60820  23.60830      1.00       261   8164269   3860708       702         0         0    999849         0         0
  23.60636  23.60640      1.00       237   8158263   3859022       674         0         0    999795         0         0
  23.60451  23.60460      1.00       264   8155362   3856099       659         0         0    999789         0         0
  23.60267  23.60280      1.00       269   8161610   3854875       688         0         0    999725         0         0
  23.60082  23.60100      1.00       263   8152962   3857989       707         0         0    999304         0         0
  23.59898  23.59910      1.00       274   8164677   3862605       663         0         0    999343         0         0
  23.59714  23.59720      1.00       296   8174657   3866010       708         0         0    999755         0         0
  23.59529  23.59540      1.00       287   8162084   3862882       669         0         0    999259         0         0
  23.59345  23.59360      1.00       296   8173616   3864768       730         0         0    999210         0         0
  23.59161  23.59170      1.00       270   8145819   3852292       695         0         0    999248         0         0
  23.58976  23.58990      1.00       271   8146524   3853083       697         0         0    999814         0         0
  23.58792  23.58800      1.00       310   8123451   3840942       700         0         0    999264         0         0
  23.58608  23.58620      1.00       290   8096825   3833540       722         0         0    999708         0         0
  23.58424  23.58440      1.00       323   8081448   3830847       736         0         0    999266         0         0
  23.58240  23.58260      1.00       282   8089815   3832029       734         0         0    999174         0         0
  23.58055  23.58070      1.00       327   8064846   3821067       728         0         0    999290         0         0
  23.57871  23.57880      1.00       323   8062421   3819760       757         0         0    999206         0         0
  23.57687  23.57700      1.00       318   8044597   3817090       759         0         0    999170         0         0
  23.57503  23.57520      1.00       335   8057915   3815770       771         0         0    999223         0         0
  23.57319  23.57340      1.00       312   8043720   3812574       727         0         0    999285         0         0
  23.57135  23.57150      1.00       331   8044127   3815639       747         0         0    999274         0         0
  23.56951  23.56960      1.00       297   8053078   3820851       717         0         0    999207         0         0
  23.56767  23.56780      1.00       399   8060538   3821497       812         0         0    999244         0         0
  23.56583  23.56590      1.00       349   8060372   3824632       774         0         0    999218         0         0
  23.56400  23.56410      1.00       320   8072410   3830256       741         0         0    999270         0         0
  23.56216  23.56230      1.00       375   8077342   3830654       792         0         0    999213         0         0
  23.56032  23.56050      1.00       381   8072938   3829111       775         0         0    999242         0         0
  23.55848  23.55860      1.00       361   8079229   3837489       767         0         0    999175         0         0
  23.55665  23.55680      1.00       360   8067194   3829563       769         0         0    999179         0         0
  23.55481  23.55500      1.00       392   8078999   3831042       832         0         0    999671         0         0
  23.55297  23.55320      1.00       419   8049805   3823802       831         0         0    999617         0         0
  23.55113  23.55130      1.00       369   8048592   3820006       807         0         0    999115         0         0
  23.54930  23.54950      1.00       459   8032084   3817779       923         0         0    999620         0         0
  23.54746  23.54760      1.00       394   8027059   3812038       834         0         0    999097         0         0
  23.54563  23.54580      1.00       402   8024907   3811767       880         0         0    999158         0         0
  23.54379  23.54400      1.00       399   8015263   3811101       830         0         0    999114         0         0
  23.54196  23.54210      1.00       418   8047412   3824539       845         0         0    999189         0         0
  23.54012  23.54030      1.00       424   8043433   3828229       862         0         0    999118         0         0
  23.53829  23.53840      1.00       459   8044223   3824207       965         0         0    999100         0         0
  23.53645  23.53650      1.00       497   8037429   3822658       916         0         0    999565         0         0
  23.53462  23.53480      1.00       443   8035988   3822938       926         0         0    999004         0         0
  23.53279  23.53300      1.00       472   8045726   3826780       935         0         0    999547         0         0
  23.53095  23.53110      1.00       414   8027785   3822808       839         0         0    999661         0         0
  23.52912  23.52930      1.00       455   8028308   3821552       891         0         0    999662         0         0
  23.52729  23.52740      1.00       493   8026800   3823932       962         0         0    999038         0         0
  23.52545  23.52560      1.00       469   8036570   3826258       933         0         0    999148         0         0
  23.52362  23.52380      1.00       534   8035703   3827283      1047         0         0    999470         0         0
  23.52179  23.52200      1.00       503   8018005   3825560       965         0         0    999579         0         0
  23.51996  23.52020      1.00       538   8046892   3830393      1017         0         0    999584         0         0
  23.51813  23.51830      1.00       500   8032497   3831578       964         0         0    999006         0         0
  23.51630  23.51640      1.00       520   8044437   3839935      1014         0         0   1000560         0         0
  23.51447  23.51460      1.00       583   8066952   3847956      1066         0         0    999046         0         0
  23.51264  23.51280      1.00       574   8051187   3846638      1032         0         0    998983         0         0
  23.51081  23.51100      1.00       586   8024273   3836206      1109         0         0    999562         0         0
  23.50898  23.50910      1.00       632   8027708   3833424      1117         0         0    998975         0         0
  23.50715  23.50730      1.00       630   8015017   3832860      1121         0         0    999025         0         0
  23.50532  23.50550      1.00       599   8017678   3830561      1067         0         0    998999         0         0
  23.50349  23.50370      1.00       657   7995480   3828973      1177         0         0    999498         0         0
  23.50166  23.50190      1.00       618   8006411   3833201      1132         0         0    999535         0         0
  23.49983  23.50000      1.00       667   7995715   3833366      1209         0         0    999036         0         0
  23.49800  23.49820      1.00       729   7996014   3833866      1265         0         0    999523         0         0
  23.49618  23.49630      1.00       776   7994268   3835720      1271         0         0    998963         0         0
  23.49435  23.49460      1.00       757   7994474   3836596      1253         0         0    998912         0         0
  23.49252  23.49280      1.00       738   7993997   3838610      1270         0         0    999466         0         0
  23.49070  23.49090      1.00       774   7994137   3836664      1276         0         0    998954         0         0
  23.48887  23.48910      1.00       773   7986202   3841628      1263         0         0    998919         0         0
  23.48704  23.48720      1.00       839   7991379   3846882      1399         0         0    998970         0         0
  23.48522  23.48540      1.00       833   8004537   3854986      1403         0         0    998951         0         0
  23.48339  23.48360      1.00       921   8033124   3870120      1519         0         0    998922         0         0
  23.48157  23.48180      1.00       972   8033598   3876845      1593         0         0   1000522         0         0
  23.47974  23.48000      1.00       991   8037101   3882562      1613         0         0    999006         0         0
  23.47792  23.47810      1.00      1051   8054600   3891489      1671         0         0    999025         0         0
  23.47609  23.47630      1.00      1068   8058578   3902323      1686         0         0    999523         0         0
  23.47427  23.47450      1.00      1181   8060106   3907611      1825         0         0    998792         0         0
  23.47244  23.47270      1.00      1277   8059752   3915374      2006         0         0    998662         0         0
  23.47062  23.47090      1.00      1400   8074700   3932276      2082         0         0    998591         0         0
  23.46880  23.46900      1.00      1486   8067980   3949448      2189         0         0    999122         0         0
  23.46697  23.46720      1.00      1762   8085872   3985448      2488         0         0    998506         0         0
  23.46515  23.46540      1.00      2173   8112048   4042482      3123         0         0    998313         0         0
  23.46333  23.46360      1.00      2903   8108904   4132996      3986         0         0    998506         0         0
  23.46151  23.46190      1.00      3721   8123990   4239629      4980         0         0    997626         0         0
  23.45969  23.46000      1.00      3806   8117913   4254286      5162         0         0    997576         0         0
  23.45786  23.45810      1.00      3630   8123023   4232755      4888         0         0    997582         0         0
  23.45604  23.45630      1.00      4097   8111665   4287855      5577         0         0    997322         0         0
  23.45422  23.45450      1.00      5769   8112806   4476793      7545         0         0    996611         0         0
  23.45240  23.45270      1.00      8055   8110297   4757109     10527         0         0    995972         0         0
  23.45058  23.45090      1.00     10118   8097671   5039067     13073         0         0    994370         0         0
  23.44876  23.44900      1.00     12019   8089017   5253244     15481         0         0    993481         0         0
  23.44694  23.44720      1.00     12566   8090519   5339232     16193         0         0    993209         0         0
  23.44512  23.44540      1.00     11969   8073525   5280679     15410         0         0    993488         0         0
  23.44330  23.44360      1.00     10648   8091962   5116746     13704         0         0    994776         0         0
  23.44148  23.44180      1.00      9117   8092435   4919305     11906         0         0    994983         0         0
  23.43966  23.44000      1.00      8307   8099635   4817463     10828         0         0    995389         0         0
  23.43785  23.43810      1.00      8717   8087404   4845134     11395         0         0    995250         0         0
  23.43603  23.43630      1.00      9834   8100438   5005454     12744         0         0    994660         0         0
  23.43421  23.43450      1.00     11112   8121525   5163965     14385         0         0    994046         0         0
  23.43239  23.43270      1.00     11452   8108048   5226157     14795         0         0    993761         0         0
  23.43058  23.43090      1.00     11295   8108584   5190454     14595         0         0    995476         0         0
  23.42876  23.42900      1.00     10619   8100056   5103408     13844         0         0    994124         0         0
  23.42694  23.42720      1.00      9838   8103227   5002968     12619         0         0    995182         0         0
  23.42513  23.42540      1.00      9287   8118584   4929043     11994         0         0    994857         0         0
  23.42331  23.42360      1.00      9025   8124867   4891466     11629         0         0    995005         0         0
  23.42149  23.42180      1.00      9065   8129499   4913399     11808         0         0    994874         0         0
  23.41968  23.42000      1.00      9773   8141244   5002528     12651         0         0    994970         0         0
  23.41786  23.41810      1.00     10913   8122236   5143629     14272         0         0    994439         0         0
  23.41605  23.41630      1.00     12587   8113707   5357258     16435         0         0    993090         0         0
  23.41423  23.41460      1.00     15036   8094865   5626586     19389         0         0    991956         0         0
  23.41242  23.41280      1.00     17757   8103167   5991135     23053         0         0    990578         0         0
  23.41061  23.41100      1.00     20855   8095063   6419866     27128         0         0    988942         0         0
  23.40879  23.40910      1.00     24680   8091355   6915155     32012         0         0    987607         0         0
  23.40698  23.40730      1.00     28672   8093445   7506839     37280         0         0    985034         0         0
  23.40517  23.40550      1.00     32597   8083967   8118661     42592         0         0    982807         0         0
  23.40335  23.40370      1.00     36276   8088763   8668953     47490         0         0    981330         0         0
  23.40154  23.40190      1.00     38506   8102174   9034662     50800         0         0    980050         0         0
  23.39973  23.40000      1.00     39131   8095428   9180359     51660         0         0    979937         0         0
  23.39792  23.39820      1.00     39839   8086907   9227584     52654         0         0    979181         0         0
  23.39611  23.39640      1.00     40157   8077599   9325469     52860         0         0    979214         0         0
  23.39429  23.39460      1.00     42096   8114623   9562714     55361         0         0    978192         0         0
  23.39248  23.39280      1.00     44094   8107344   9885628     58396         0         0    977301         0         0
  23.39067  23.39100      1.00     46356   8103918  10267986     61260         0         0    976523         0         0
  23.38886  23.38920      1.00     48684   8110191  10652944     64621         0         0    974611         0         0
  23.38705  23.38740      1.00     50549   8118490  11076022     67710         0         0    973537         0         0
  23.38524  23.38560      1.00     52875   8129446  11482668     70785         0         0    973030         0         0
  23.38343  23.38380      1.00     55724   8149447  11953543     74754         0         0    970890         0         0
  23.38162  23.38200      1.00     59270   8144487  12544512     79838         0         0    969621         0         0
  23.37981  23.38020      1.00     63355   8149514  13306484     85911         0         0    966675         0         0
  23.37801  23.37830      1.00     67617   8168833  14216807     92195         0         0    963833         0         0
  23.37620  23.37650      1.00     72518   8163755  15161448     99703         0         0    960579         0         0
  23.37439  23.37470      1.00     76828   8172634  15988401    105866         0         0    959078         0         0
  23.37258  23.37290      1.00     78796   8176838  16583016    109146         0         0    957666         0         0
  23.37077  23.37110      1.00     80930   8197464  16884068    112014         0         0    956129         0         0
  23.36897  23.36930      1.00     80031   8187064  16857077    111356         0         0    956504         0         0
  23.36716  23.36750      1.00     79480   8183427  16668577    110070         0         0    957128         0         0
  23.36535  23.36570      1.00     78690   8186061  16473163    108695         0         0    957963         0         0
  23.36355  23.36390      1.00     78119   8192994  16321475    107872         0         0    958214         0         0
  23.36174  23.36210      1.00     77231   8189798  16271027    107054         0         0    958530         0         0
  23.35993  23.36030      1.00     77991   8195361  16345470    107660         0         0    957910         0         0
  23.35813  23.35850      1.00     78634   8203248  16493483    108547         0         0    957601         0         0
  23.35632  23.35670      1.00     79260   8212333  16731271    109965         0         0    956994         0         0
  23.35452  23.35490      1.00     81152   8229431  17022883    112552         0         0    955993         0         0
  23.35271  23.35310      1.00     82472   8223442  17304366    114353         0         0    955892         0         0
  23.35091  23.35130      1.00     83819   8229283  17618319    117074         0         0    954780         0         0
  23.34910  23.34950      1.00     84958   8236363  17910175    118574         0         0    954322         0         0
  23.34730  23.34760      1.00     86307   8256597  18184732    121082         0         0    952758         0         0
  23.34550  23.34580      1.00     86665   8263821  18342306    121367         0         0    952703         0         0
  23.34369  23.34400      1.00     86589   8255797  18338251    121202         0         0    953346         0         0
  23.34189  23.34230      1.00     85894   8266437  18256509    119934         0         0    953384         0         0
  23.34009  23.34040      1.00     85542   8280680  18082596    119653         0         0    953416         0         0
  23.33829  23.33860      1.00     84536   8292803  17848177    117724         0         0    954173         0         0
  23.33648  23.33680      1.00     83230   8315575  17595079    116050         0         0    955116         0         0
  23.33468  23.33500      1.00     82380   8325283  17350922    114742         0         0    955996         0         0
  23.33288  23.33330      1.00     80460   8322129  17064489    111611         0         0    956374         0         0
  23.33108  23.33150      1.00     79565   8313312  16736321    110365         0         0    956866         0         0
  23.32928  23.32970      1.00     77883   8304827  16417594    107573         0         0    957859         0         0
  23.32748  23.32780      1.00     76337   8299476  16082333    105428         0         0    959497         0         0
  23.32568  23.32600      1.00     75218   8295718  15766864    103475         0         0    960024         0         0
  23.32388  23.32430      1.00     73792   8301865  15479980    101239         0         0    960768         0         0
  23.32208  23.32250      1.00     72509   8294462  15230301     99242         0         0    961091         0         0
  23.32028  23.32070      1.00     71406   8281698  15038012     97933         0         0    961452         0         0
  23.31848  23.31880      1.00     70750   8287877  14958529     96841         0         0    962330         0         0
  23.31668  23.31700      1.00     71151   8287897  14961892     97557         0         0    961808         0         0
  23.31488  23.31530      1.00     70660   8294973  15038042     97380         0         0    961967         0         0
  23.31308  23.31350      1.00     72052   8305275  15156293     98616         0         0    961398         0         0
  23.31128  23.31170      1.00     72603   8319731  15284702     99299         0         0    961502         0         0
  23.30949  23.30990      1.00     73313   8320432  15413971    100903         0         0    960786         0         0
  23.30769  23.30810      1.00     73651   8323601  15542393    101306         0         0    960654         0         0
  23.30589  23.30630      1.00     74371   8352601  15713523    102273         0         0    960150         0         0
  23.30410  23.30450      1.00     75533   8366147  15895315    104031         0         0    959776         0         0
  23.30230  23.30280      1.00     75788   8355713  16022537    104431         0         0    958961         0         0
  23.30050  23.30100      1.00     77534   8343824  16158975    106561         0         0    958278         0         0
  23.29871  23.29910      1.00     77645   8359212  16321408    107503         0         0    958474         0         0
  23.29691  23.29730      1.00     78339   8354572  16473933    108518         0         0    957535         0         0
  23.29511  23.29550      1.00     78508   8337358  16632443    108647         0         0    957530         0         0
  23.29332  23.29380      1.00     79692   8327941  16789802    110480         0         0    957121         0         0
  23.29152  23.29200      1.00     80534   8326806  16974379    111897         0         0    956186         0         0
  23.28973  23.29010      1.00     81108   8304042  17120256    112795         0         0    955946         0         0
  23.28794  23.28830      1.00     81539   8295494  17259973    113307         0         0    955662         0         0
  23.28614  23.28650      1.00     82403   8286986  17358393    114635         0         0    955980         0         0
  23.28435  23.28470      1.00     82258   8261193  17383843    114730         0         0    955029         0         0
  23.28255  23.28300      1.00     82151   8240571  17344642    114586         0         0    955668         0         0
  23.28076  23.28120      1.00     81906   8236967  17291885    113752         0         0    956059         0         0
  23.27897  23.27940      1.00     81540   8205101  17127786    112995         0         0    956658         0         0
  23.27718  23.27750      1.00     80818   8199229  16951458    111765         0         0    956590         0         0
  23.27538  23.27580      1.00     79585   8185203  16760885    110545         0         0    957304         0         0
  23.27359  23.27400      1.00     78328   8187776  16561385    108350         0         0    957834         0         0
  23.27180  23.27230      1.00     77422   8167878  16334433    106655         0         0    958150         0         0
  23.27001  23.27050      1.00     76675   8141858  16089220    105798         0         0    958496         0         0
  23.26822  23.26870      1.00     75459   8163604  15894818    103558         0         0    959472         0         0
  23.26643  23.26680      1.00     74423   8195111  15716970    102703         0         0    960046         0         0
  23.26463  23.26510      1.00     73936   8170338  15472395    101563         0         0    960801         0         0
  23.26284  23.26330      1.00     72892   8183688  15307652     99834         0         0    960830         0         0
  23.26105  23.26150      1.00     71185   8183779  15103710     97659         0         0    961454         0         0
  23.25926  23.25970      1.00     70205   8186102  14931919     96282         0         0    962636         0         0
  23.25747  23.25790      1.00     69888   8188657  14779353     95652         0         0    962759         0         0
  23.25569  23.25610      1.00     68728   8203532  14646682     94104         0         0    964311         0         0
  23.25390  23.25430      1.00     68010   8208863  14502204     93015         0         0    963875         0         0
  23.25211  23.25260      1.00     67746   8217194  14332850     92166         0         0    964614         0         0
  23.25032  23.25080      1.00     66233   8213534  14146705     90389         0         0    965366         0         0
  23.24853  23.24900      1.00     65884   8215177  13955604     89402         0         0    965369         0         0
  23.24674  23.24720      1.00     64826   8222790  13788841     88118         0         0    966340         0         0
  23.24496  23.24540      1.00     63832   8231300  13643035     86723         0         0    966873         0         0
  23.24317  23.24370      1.00     63059   8241643  13493609     85523         0         0    967029         0         0
  23.24138  23.24190      1.00     62491   8262301  13367955     84426         0         0    967181         0         0
  23.23959  23.24010      1.00     61769   8261359  13261781     83650         0         0    967650         0         0
  23.23781  23.23820      1.00     61486   8267002  13190361     83116         0         0    967850         0         0
  23.23602  23.23640      1.00     61293   8269916  13105244     82527         0         0    969409         0         0
  23.23424  23.23470      1.00     61547   8264744  13061789     82984         0         0    968434         0         0
  23.23245  23.23290      1.00     60470   8263456  13033123     81791         0         0    968118         0         0
  23.23067  23.23110      1.00     60774   8252202  13019055     82003         0         0    968102         0         0
  23.22888  23.22930      1.00     60847   8265507  13056857     82377         0         0    967933         0         0
  23.22710  23.22750      1.00     61138   8271283  13090836     82817         0         0    967893         0         0
  23.22531  23.22570      1.00     61015   8268469  13124716     82411         0         0    968376         0         0
  23.22353  23.22400      1.00     62013   8267502  13170587     83871         0         0    968059         0         0
  23.22174  23.22230      1.00     61666   8274319  13232521     83066         0         0    968286         0         0
  23.21996  23.22050      1.00     61895   8261341  13278424     83288         0         0    967546         0         0
  23.21818  23.21870      1.00     62383   8254142  13330240     84812         0         0    967499         0         0
  23.21639  23.21680      1.00     62659   8265913  13393021     84834         0         0    967158         0         0
  23.21461  23.21510      1.00     62541   8264252  13432209     84645         0         0    967491         0         0
  23.21283  23.21340      1.00     63040   8259514  13473638     85320         0         0    966847         0         0
  23.21105  23.21160      1.00     63304   8255749  13508814     85916         0         0    967268         0         0
  23.20926  23.20980      1.00     63236   8257934  13534266     85767         0         0    967236         0         0
  23.20748  23.20790      1.00     64028   8236969  13514872     86454         0         0    966502         0         0
  23.20570  23.20610      1.00     63594   8223227  13511273     86053         0         0    967062         0         0
  23.20392  23.20440      1.00     63028   8218529  13492865     85500         0         0    966934         0         0
  23.20214  23.20260      1.00     63260   8209715  13448268     85658         0         0    967245         0         0
  23.20036  23.20090      1.00     63125   8192277  13378960     85478         0         0    967433         0         0
  23.19858  23.19900      1.00     62721   8198156  13337519     84775         0         0    967123         0         0
  23.19680  23.19720      1.00     62651   8200076  13297035     84625         0         0    967675         0         0
  23.19502  23.19550      1.00     62016   8195403  13215820     83668         0         0    967416         0         0
  23.19324  23.19370      1.00     61554   8185056  13131314     83170         0         0    968204         0         0
  23.19146  23.19200      1.00     60714   8173447  13053762     82127         0         0    967942         0         0
  23.18968  23.19020      1.00     59990   8161778  12953418     81005         0         0    968500         0         0
  23.18790  23.18840      1.00     60209   8142611  12860839     81248         0         0    968570         0         0
  23.18613  23.18660      1.00     59620   8142980  12778102     80344         0         0    968848         0         0
  23.18435  23.18480      1.00     59509   8149302  12723795     80226         0         0    968768         0         0
  23.18257  23.18310      1.00     58888   8145162  12645456     79445         0         0    969649         0         0
  23.18079  23.18130      1.00     58769   8143924  12590574     78952         0         0    969568         0         0
  23.17902  23.17950      1.00     58355   8134407  12526483     78534         0         0    969562         0         0
  23.17724  23.17770      1.00     58131   8108179  12443692     77821         0         0    970267         0         0
  23.17546  23.17590      1.00     57127   8108433  12395010     77037         0         0    970166         0         0
  23.17369  23.17420      1.00     57626   8117199  12371506     77398         0         0    970058         0         0
  23.17191  23.17240      1.00     56807   8122334  12349364     76649         0         0    970748         0         0
  23.17013  23.17060      1.00     57068   8127792  12337006     76840         0         0    970058         0         0
  23.16836  23.16880      1.00     57385   8137250  12338141     77074         0         0    970377         0         0
  23.16658  23.16700      1.00     57085   8134315  12324593     76947         0         0    970086         0         0
  23.16481  23.16530      1.00     57326   8140588  12322341     76834         0         0    970515         0         0
  23.15552  23.15600      1.00     57880   8125011  12406716     77933         0         0    970197         0         0
  23.14624  23.14670      1.00     58537   8146464  12619492     78985         0         0    969432         0         0
  23.13697  23.13750      1.00     59948   8118791  12773933     80756         0         0    969217         0         0
  23.12770  23.12820      1.00     59799   8119319  12882844     81050         0         0    968807         0         0
  23.11844  23.11890      1.00     61319   8091814  13018241     82816         0         0    967674         0         0
  23.10919  23.10970      1.00     63035   8065720  13353258     85244         0         0    966970         0         0
  23.09995  23.10050      1.00     65304   8016275  13769839     88539         0         0    965717         0         0
  23.09072  23.09130      1.00     67347   7963286  14087186     91634         0         0    963946         0         0
  23.08149  23.08210      1.00     67960   7992867  14290693     92533         0         0    964094         0         0
  23.07227  23.07290      1.00     67930   8017649  14329423     92540         0         0    963788         0         0
  23.06306  23.06360      1.00     67130   7954750  14132653     91586         0         0    964014         0         0
  23.05385  23.05440      1.00     66139   7892674  13907405     89763         0         0    965420         0         0
  23.04466  23.04520      1.00     65599   7892576  13834378     89063         0         0    965702         0         0
  23.03547  23.03590      1.00     65600   7913224  13829585     89401         0         0    964985         0         0
  23.02629  23.02680      1.00     65087   7902599  13745564     88119         0         0    965930         0         0
  23.01711  23.01760      1.00     64435   7839393  13626115     87345         0         0    966282         0         0
  23.00795  23.00840      1.00     63974   7808135  13535887     86730         0         0    966417         0         0
  22.99879  22.99930      1.00     64024   7775592  13511167     86627         0         0    966486         0         0
  22.98963  22.99020      1.00     63992   7716429  13455564     86933         0         0    966681         0         0
  22.98049  22.98100      1.00     63616   7685685  13456750     86209         0         0    966990         0         0
  22.97135  22.97190      1.00     64032   7692587  13501178     86648         0         0    966361         0         0
  22.96223  22.96280      1.00     63764   7699796  13508467     86576         0         0    966359         0         0
  22.95310  22.95360      1.00     63480   7705159  13395358     85893         0         0    967245         0         0
  22.94399  22.94450      1.00     62764   7725057  13276826     85173         0         0    966818         0         0
  22.93488  22.93540      1.00     62257   7725443  13144520     83801         0         0    968171         0         0
  22.92578  22.92620      1.00     61713   7716887  13102451     83253         0         0    967896         0         0
  22.91669  22.91720      1.00     62272   7724956  13189437     84313         0         0    967298         0         0
  22.90761  22.90810      1.00     63115   7764925  13412664     85379         0         0    966762         0         0
  22.89853  22.89900      1.00     63880   7791818  13562858     86885         0         0    966582         0         0
  22.88946  22.89000      1.00     64208   7767499  13547647     86939         0         0    966667         0         0
  22.88040  22.88100      1.00     63570   7752661  13431810     86045         0         0    967213         0         0
  22.87134  22.87190      1.00     62729   7756790  13331270     85160         0         0    967030         0         0
  22.86230  22.86290      1.00     62463   7765910  13234828     84228         0         0    967367         0         0
  22.85326  22.85380      1.00     61879   7779181  13159794     83762         0         0    967651         0         0
  22.84422  22.84480      1.00     61403   7749771  12990959     82734         0         0    967823         0         0
  22.83520  22.83570      1.00     60569   7718559  12807437     81540         0         0    968975         0         0
  22.82618  22.82670      1.00     59584   7702597  12639552     80255         0         0    969501         0         0
  22.81717  22.81760      1.00     58087   7678417  12503930     78336         0         0    970108         0         0
  22.80817  22.80870      1.00     57660   7661422  12386766     77433         0         0    970418         0         0
  22.79917  22.79970      2.00    115350  15287773  24694979    154950         0         0   1939557         0         0
  22.78659  22.78710      2.00    115527  15262949  24709421    155323         0         0   1939493         0         0
  22.77402  22.77460      2.00    116120  15336742  24863693    156365         0         0   1939854         0         0
  22.76147  22.76200      2.00    116213  15383890  24960313    156479         0         0   1939406         0         0
  22.74893  22.74940      2.00    116661  15338576  24885768    156556         0         0   1939970         0         0
  22.73640  22.73680      2.00    117348  15283650  25006490    157806         0         0   1941315         0         0
  22.72389  22.72440      2.00    118576  15258141  25257111    159700         0         0   1938130         0         0
  22.71140  22.71190      2.00    121314  15341710  25736243    163777         0         0   1936405         0         0
  22.69891  22.69940      2.00    122500  15372856  26012482    165382         0         0   1936498         0         0
  22.68645  22.68680      2.00    123158  15407806  26169406    166409         0         0   1935966         0         0
  22.67399  22.67440      2.00    122550  15333966  26090551    165221         0         0   1936064         0         0
  22.66155  22.66200      2.00    121544  15223351  25847898    163990         0         0   1936389         0         0
  22.64913  22.64950      2.00    120145  15024302  25450309    161815         0         0   1937695         0         0
  22.63671  22.63710      2.00    118589  14909501  25208351    159683         0         0   1938080         0         0
  22.62432  22.62460      2.00    118794  14883514  25224069    159953         0         0   1937834         0         0
  22.61193  22.61230      2.00    119549  14938228  25428542    161082         0         0   1937570         0         0
  22.59956  22.59990      2.00    120053  14968577  25540193    162016         0         0   1937508         0         0
  22.58721  22.58740      2.00    120428  14980992  25542757    162091         0         0   1937450         0         0
  22.57486  22.57520      2.00    118986  14893766  25323109    160658         0         0   1938257         0         0
  22.56253  22.56280      2.00    118305  14879998  25164111    159421         0         0   1938783         0         0
  22.55022  22.55050      2.00    117675  14810971  24955519    158304         0         0   1938615         0         0
  22.53792  22.53810      2.00    115414  14669039  24639147    155013         0         0   1940161         0         0
  22.52563  22.52580      2.00    113809  14540947  24322395    153418         0         0   1940520         0         0
  22.51336  22.51350      2.00    113022  14472057  24136578    152268         0         0   1940496         0         0
  22.50110  22.50130      2.00    112069  14353281  23920605    150699         0         0   1941890         0         0
  22.48885  22.48900      2.00    111536  14277827  23786298    149847         0         0   1941613         0         0
  22.47662  22.47670      2.00    111224  14155193  23643219    149014         0         0   1942342         0         0
  22.46440  22.46450      2.00    111816  14159910  23672544    149617         0         0   1942645         0         0
  22.45220  22.45230      2.00    111515  14180568  23696751    149442         0         0   1942362         0         0
  22.44001  22.44010      2.00    110386  14071889  23506589    148312         0         0   1942793         0         0
  22.42783  22.42780      2.00    110380  14034416  23435814    147898         0         0   1942815         0         0
  22.41567  22.41570      2.00    109082  13935838  23267668    146111         0         0   1943242         0         0
  22.40352  22.40350      2.00    108435  13798039  22983738    145416         0         0   1943894         0         0
  22.39138  22.39140      2.00    107012  13723978  22800454    142980         0         0   1944633         0         0
  22.37926  22.37920      2.00    106112  13691256  22675989    141703         0         0   1944719         0         0
  22.36715  22.36700      2.00    105378  13596168  22477013    140835         0         0   1945499         0         0
  22.35505  22.35500      2.00    105589  13687173  22604339    141107         0         0   1945305         0         0
  22.34297  22.34290      2.00    106366  13759079  22734389    142068         0         0   1945130         0         0
  22.33090  22.33090      2.00    106368  13744016  22712235    142141         0         0   1945259         0         0
  22.31884  22.31880      2.00    105100  13621642  22506473    140717         0         0   1945391         0         0
  22.30680  22.30670      2.00    102668  13213762  21850713    136827         0         0   1946957         0         0
  22.29134  22.29130      2.00    105599  13736836  22636420    141384         0         0   1944917         0         0
  22.27590  22.27580      2.00    105282  13708248  22578218    141212         0         0   1945551         0         0
  22.26048  22.26040      2.00    105555  13691239  22555532    140870         0         0   1945647         0         0
  22.24508  22.24500      2.00    104490  13542419  22387009    139518         0         0   1945758         0         0
  22.22970  22.22960      2.00    107376  13869545  22970076    143720         0         0   1944862         0         0
  22.21435  22.21420      2.00    100598  12891744  21462018    134314         0         0   1947293         0         0
  22.19902  22.19890      2.00    105533  13492174  22436224    141214         0         0   1945320         0         0
  22.18371  22.18360      2.00    105123  13409362  22324760    140171         0         0   1945673         0         0
  22.16842  22.16820      2.00    106163  13567104  22583885    141891         0         0   1945132         0         0
  22.15315  22.15300      2.00    105239  13469880  22405837    140619         0         0   1945706         0         0
  22.13791  22.13770      2.00    104724  13357435  22221943    139483         0         0   1947481         0         0
  22.12268  22.12250      2.00    101054  12952178  21570671    135074         0         0   1946983         0         0
  22.10748  22.10720      2.00    104721  13440113  22346564    139889         0         0   1946311         0         0
  22.09230  22.09210      2.00    103569  13354861  22191359    138364         0         0   1945854         0         0
  22.07714  22.07690      2.00    104270  13427157  22269315    139129         0         0   1946443         0         0
  22.06200  22.06180      2.00    104609  13437981  22271153    139766         0         0   1946096         0         0
  22.04689  22.04670      2.00    104360  13481070  22305344    139228         0         0   1945538         0         0
  22.03179  22.03160      2.00    104506  13527586  22384179    139437         0         0   1946603         0         0
  22.01672  22.01650      2.00    104662  13529036  22389155    139821         0         0   1945649         0         0
  22.00167  22.00150      2.00    104774  13580855  22445271    139848         0         0   1945548         0         0
  21.98663  21.98640      2.00    105793  13635913  22556038    141076         0         0   1945534         0         0
  21.97162  21.97150      2.00    105605  13662044  22623672    141171         0         0   1945062         0         0
  21.95663  21.95630      2.00    105761  13710245  22698812    141294         0         0   1944786         0         0
  21.94166  21.94150      2.00    105697  13754037  22795444    141703         0         0   1944857         0         0
  21.92672  21.92640      2.00    106132  13711303  22713105    141998         0         0   1945150         0         0
  21.91179  21.91160      2.00    106004  13695177  22743939    141626         0         0   1944738         0         0
  21.89688  21.89660      2.00    105660  13640970  22659402    141379         0         0   1944780         0         0
  21.88200  21.88180      2.00    105332  13663471  22695121    140641         0         0   1945513         0         0
  21.86714  21.86680      2.00    104703  13578871  22530438    139885         0         0   1945926         0         0
  21.85229  21.85210      2.00    103678  13448746  22290801    138473         0         0   1946358         0         0
  21.83747  21.83720      2.00    104295  13576965  22461694    139651         0         0   1945558         0         0
  21.82267  21.82250      2.00    104429  13530035  22404196    138988         0         0   1945808         0         0
  21.80789  21.80770      2.00    103454  13546881  22387477    138210         0         0   1946322         0         0
  21.79312  21.79300      2.00    103538  13546755  22344126    138176         0         0   1946363         0         0
  21.77838  21.77820      2.00    102967  13514484  22246954    137781         0         0   1945924         0         0
  21.76366  21.76350      2.00    102780  13498740  22199914    137040         0         0   1946540         0         0
  21.74896  21.74880      2.00    103152  13558377  22284465    137729         0         0   1946114         0         0
  21.73428  21.73410      2.00    103793  13660535  22434368    138513         0         0   1946145         0         0
  21.71963  21.71950      2.00    104003  13680856  22466018    138731         0         0   1945728         0         0
  21.70499  21.70490      2.00    105226  13899097  22816644    140457         0         0   1945977         0         0
  21.68712  21.68700      2.00    105813  13968351  22951652    141515         0         0   1945293         0         0
  21.66929  21.66920      2.00    106147  14022553  23044406    142076         0         0   1945086         0         0
  21.65149  21.65140      2.00    107324  14117108  23238769    143592         0         0   1943918         0         0
  21.63371  21.63370      2.00    106876  14035730  23159993    142920         0         0   1944321         0         0
  21.61597  21.61590      2.00    106042  13925350  23003501    141743         0         0   1945248         0         0
  21.59825  21.59830      2.00    106003  13872085  22948517    141637         0         0   1944765         0         0
  21.58057  21.58070      2.00    106407  14020157  23162350    141800         0         0   1945214         0         0
  21.56292  21.56300      2.00    106162  13926453  23049950    141773         0         0   1944774         0         0
  21.54529  21.54540      2.00    105023  13859267  22926741    140494         0         0   1945577         0         0
  21.52770  21.52780      2.00    106336  13898457  23021260    141949         0         0   1945277         0         0
  21.51013  21.51030      2.00    106728  13915389  23068799    142793         0         0   1944206         0         0
  21.49259  21.49280      2.00    106017  13987927  23142162    141682         0         0   1945146         0         0
  21.47509  21.47520      2.00    107350  14091059  23309559    143420         0         0   1944738         0         0
  21.45761  21.45780      2.00    107258  14081420  23286677    143094         0         0   1945116         0         0
  21.44016  21.44040      2.00    107663  14199242  23448810    144011         0         0   1944458         0         0
  21.42274  21.42300      2.00    107739  14202121  23437245    143755         0         0   1945966         0         0
  21.40535  21.40560      2.00    107206  14131825  23339283    143478         0         0   1944616         0         0
  21.38799  21.38880      2.00    106227  13996698  23095979    142021         0         0   1945415         0         0
  21.37065  21.37100      2.00    105818  14039831  23164715    141881         0         0   1945198         0         0
  21.35335  21.35370      2.00    105908  14029092  23134797    141383         0         0   1945130         0         0
  21.33608  21.33630      2.00    105945  13990901  23084967    141460         0         0   1944734         0         0
  21.31883  21.31920      2.00    105597  13996260  23108236    141553         0         0   1945182         0         0
  21.30161  21.30200      2.00    105719  13991624  23126968    141709         0         0   1945234         0         0
  21.28442  21.28470      2.00    106266  14023264  23177718    141656         0         0   1945400         0         0
  21.26726  21.26760      2.00    106406  14085217  23297870    142284         0         0   1944433         0         0
  21.25013  21.25060      2.00    107016  14165715  23464651    143267         0         0   1943863         0         0
  21.23302  21.23340      2.00    106913  14192993  23503797    143105         0         0   1944938         0         0
  21.21595  21.21630      2.00    106693  14078190  23337529    142756         0         0   1944849         0         0
  21.19890  21.19930      2.00    106609  14038345  23259040    142208         0         0   1944702         0         0
  21.18188  21.18230      2.00    105889  13967604  23138661    141327         0         0   1945284         0         0
  21.16489  21.16530      2.00    106475  14096028  23343322    142590         0         0   1944141         0         0
  21.14792  21.14830      2.00    106631  14171807  23467275    142611         0         0   1944434         0         0
  21.13099  21.13150      2.00    105757  14047364  23247868    141723         0         0   1945014         0         0
  21.11408  21.11450      2.00    105645  14038910  23253077    141614         0         0   1945140         0         0
  21.09720  21.09760      2.00    105577  14022833  23212708    141204         0         0   1944853         0         0
  21.08035  21.08090      2.00    105892  14006780  23186746    141515         0         0   1945347         0         0
  21.06352  21.06400      2.00    105158  13929599  23059102    140162         0         0   1945714         0         0
  21.04672  21.04720      2.00    104767  13827822  22910139    139561         0         0   1946048         0         0
  21.02995  21.03050      2.00    104168  13792398  22867635    139035         0         0   1946107         0         0
  21.01321  21.01370      4.00    206902  27454588  45526713    276133         0         0   3892657         0         0
  20.99346  20.99400      4.00    206898  27475449  45595389    276269         0         0   3892310         0         0
  20.97374  20.97440      4.00    206746  27366980  45417525    275930         0         0   3892062         0         0
  20.95407  20.95460      4.00    203376  27037902  44944670    271578         0         0   3893934         0         0
  20.93443  20.93500      4.00    203657  26897559  44739269    271641         0         0   3893334         0         0
  20.91483  20.91540      4.00    202914  26789625  44613426    270428         0         0   3894528         0         0
  20.89527  20.89580      4.00    201971  26682348  44449037    269075         0         0   3895306         0         0
  20.87574  20.87630      4.00    200112  26412766  44073329    266553         0         0   3896090         0         0
  20.85625  20.85690      4.00    197994  26041236  43470340    263254         0         0   3897478         0         0
  20.83680  20.83740      4.00    195363  25706103  42961154    260191         0         0   3898648         0         0
  20.81739  20.81800      4.00    192467  25313829  42370774    255967         0         0   3900367         0         0
  20.79801  20.79870      4.00    192958  25357433  42413849    256843         0         0   3899730         0         0
  20.77867  20.77940      4.00    194271  25536274  42726887    258065         0         0   3899874         0         0
  20.75937  20.76020      4.00    192765  25254658  42303230    255309         0         0   3903503         0         0
  20.74010  20.74080      4.00    192194  25209716  42242631    255133         0         0   3900496         0         0
  20.72087  20.72160      4.00    191064  25084580  42048844    253644         0         0   3901054         0         0
  20.70168  20.70230      4.00    189086  24817286  41597426    250960         0         0   3902648         0         0
  20.68252  20.68320      4.00    186370  24451427  41032670    247179         0         0   3903434         0         0
  20.66340  20.66400      4.00    183871  24081538  40443994    243713         0         0   3904502         0         0
  20.64432  20.64480      4.00    182567  23799853  40028256    241626         0         0   3905494         0         0
  20.62527  20.62580      4.00    180211  23415066  39410259    238104         0         0   3906342         0         0
  20.60626  20.60690      4.00    178766  23277539  39225624    236500         0         0   3906709         0         0
  20.58728  20.58780      4.00    175016  22758230  38410462    231366         0         0   3909636         0         0
  20.56834  20.56890      4.00    173927  22739456  38367235    230183         0         0   3909250         0         0
  20.54944  20.55010      4.00    173802  22560434  38081313    229120         0         0   3910253         0         0
  20.53057  20.53120      4.00    172609  22425776  37846718    227498         0         0   3910034         0         0
  20.51173  20.51230      4.00    171460  22296527  37660406    225896         0         0   3911480         0         0
  20.49293  20.49350      4.00    173125  22533556  38055199    228126         0         0   3910318         0         0
  20.47417  20.47450      4.00    174729  22771477  38448680    230586         0         0   3912734         0         0
  20.45544  20.45570      4.00    175908  22989891  38856897    232344         0         0   3908909         0         0
  20.43675  20.43710      4.00    174423  22804293  38567717    230580         0         0   3909925         0         0
  20.41809  20.41840      4.00    171922  22537633  38087402    227363         0         0   3910826         0         0
  20.39947  20.39980      4.00    171974  22417166  37959179    226645         0         0   3911266         0         0
  20.38088  20.38120      4.00    170954  22283008  37750763    226075         0         0   3911322         0         0
  20.36232  20.36260      4.00    169093  22107229  37455417    223312         0         0   3912922         0         0
  20.34380  20.34410      4.00    167443  21875672  37109824    221062         0         0   3913065         0         0
  20.32532  20.32550      4.00    166216  21620205  36713926    219347         0         0   3913188         0         0
  20.30687  20.30710      4.00    162811  21131850  35956209    214465         0         0   3915097         0         0
  20.28845  20.28870      4.00    162234  21013630  35800751    214120         0         0   3915234         0         0
  20.27007  20.27030      4.00    159567  20601383  35165241    209967         0         0   3916875         0         0
  20.25172  20.25200      4.00    159070  20594889  35176014    208998         0         0   3917742         0         0
  20.23059  20.23080      4.00    159822  20630134  35205555    209605         0         0   3917811         0         0
  20.20951  20.20970      4.00    151404  19560918  33505281    198718         0         0   3921734         0         0
  20.18847  20.18860      4.00    158175  20349341  34821320    207735         0         0   3918554         0         0
  20.16748  20.16760      4.00    155595  20052874  34315561    204291         0         0   3920012         0         0
  20.14653  20.14660      4.00    153992  19891806  34094409    202161         0         0   3920486         0         0
  20.12562  20.12570      4.00    151536  19543766  33542763    198805         0         0   3921046         0         0
  20.10476  20.10480      4.00    151877  19423135  33359248    199109         0         0   3921610         0         0
  20.08394  20.08400      4.00    148096  19079114  32807670    194133         0         0   3923592         0         0
  20.06317  20.06320      4.00    146642  18805043  32381214    192007         0         0   3927046         0         0
  20.04244  20.04250      4.00    147464  18782627  32353203    192952         0         0   3924185         0         0
  20.02176  20.02190      4.00    146914  18742413  32278321    192021         0         0   3924366         0         0
  20.00112  20.00120      4.00    147838  18972828  32679867    193717         0         0   3923175         0         0
  19.98052  19.98060      4.00    147803  18917711  32609380    193841         0         0   3923820         0         0
  19.95996  19.96000      4.00    146851  18845927  32516751    192555         0         0   3924426         0         0
  19.93945  19.93950      4.00    147256  18862793  32557460    193032         0         0   3924046         0         0
  19.91898  19.91900      4.00    146873  18917142  32660954    192322         0         0   3924274         0         0
  19.89856  19.89860      4.00    148489  19074095  32930985    194896         0         0   3922920         0         0
  19.87818  19.87820      4.00    150389  19368451  33417862    197165         0         0   3921888         0         0
  19.85784  19.85780      4.00    149362  19252035  33280923    196050         0         0   3922371         0         0
  19.83754  19.83750      4.00    148733  19185340  33148937    194972         0         0   3922778         0         0
  19.81728  19.81720      4.00    147225  18908410  32728385    192827         0         0   3924351         0         0
  19.79707  19.79710      4.00    146946  18920206  32752154    192793         0         0   3923809         0         0
  19.77690  19.77690      4.00    148029  19092719  33063248    194285         0         0   3922722         0         0
  19.75677  19.75670      4.00    147460  18921425  32813047    193163         0         0   3924071         0         0
  19.73669  19.73670      4.00    146993  18849326  32710954    192189         0         0   3923889         0         0
  19.71664  19.71670      4.00    146999  18920214  32855986    192397         0         0   3924118         0         0
  19.69664  19.69660      4.00    147516  18974411  32948249    193448         0         0   3923254         0         0
  19.67667  19.67670      4.00    146891  18883077  32817339    192310         0         0   3924193         0         0
  19.65675  19.65680      4.00    146961  18845438  32766662    192163         0         0   3923982         0         0
  19.63687  19.63690      4.00    146863  19006647  33049457    192562         0         0   3924185         0         0
  19.61704  19.61710      4.00    147808  19081446  33184369    193838         0         0   3926033         0         0
  19.59724  19.59730      4.00    149609  19325075  33577170    196090         0         0   3925439         0         0
  19.57748  19.57760      4.00    150810  19542051  33952967    197763         0         0   3922128         0         0
  19.55776  19.55800      4.00    150178  19454350  33852224    196872         0         0   3922697         0         0
  19.53809  19.53830      4.00    150832  19547118  34012926    197908         0         0   3921684         0         0
  19.51845  19.51870      4.00    151462  19646982  34212723    198653         0         0   3921914         0         0
  19.49886  19.49910      4.00    150713  19609382  34188005    197988         0         0   3922203         0         0
  19.47930  19.47950      4.00    150256  19442506  33905677    196987         0         0   3922505         0         0
  19.45979  19.46010      4.00    148977  19295766  33719833    195791         0         0   3923030         0         0
  19.44031  19.44070      4.00    147592  19094634  33378344    193749         0         0   3924049         0         0
  19.41829  19.41860      4.00    147200  19067996  33373713    192584         0         0   3924408         0         0
  19.39632  19.39650      4.00    145935  18948536  33196532    191436         0         0   3924951         0         0
  19.37439  19.37470      4.00    144439  18700459  32788686    189204         0         0   3925099         0         0
  19.35252  19.35290      4.00    144389  18618279  32691629    188928         0         0   3925388         0         0
  19.33070  19.33110      4.00    144034  18643707  32763473    188817         0         0   3925136         0         0
  19.30893  19.30930      4.00    143767  18602203  32725513    188205         0         0   3925290         0         0
  19.28721  19.28750      4.00    139624  17984394  31661669    182837         0         0   3928261         0         0
  19.26554  19.26580      4.00    143602  18605357  32779850    188117         0         0   3925638         0         0
  19.24392  19.24430      4.00    144230  18706617  32972525    189079         0         0   3925623         0         0
  19.22235  19.22270      4.00    144711  18836019  33198810    190070         0         0   3924664         0         0
  19.20082  19.20120      4.00    144043  18792252  33146874    189217         0         0   3925645         0         0
  19.17935  19.17970      4.00    143384  18693404  33005606    188295         0         0   3925917         0         0
  19.15792  19.15830      4.00    141779  18426900  32565610    185665         0         0   3926782         0         0
  19.13655  19.13690      4.00    141477  18395072  32529499    185073         0         0   3926970         0         0
  19.11522  19.11560      4.00    140713  18226862  32274841    184381         0         0   3927462         0         0
  19.09394  19.09430      4.00    140238  18206810  32277157    184043         0         0   3927590         0         0
  19.07271  19.07320      4.00    140862  18226278  32345849    184478         0         0   3927324         0         0
  19.05153  19.05200      4.00    140151  18226692  32366695    183890         0         0   3927431         0         0
  19.03040  19.03080      4.00    138438  17989266  31997576    181202         0         0   3928211         0         0
  19.00931  19.00970      4.00    140013  18037744  32112403    183164         0         0   3927252         0         0
  18.98827  18.98870      4.00    139452  18032449  32104697    182741         0         0   3927156         0         0
  18.96728  18.96780      4.00    139387  18105679  32251829    182493         0         0   3927427         0         0
  18.94633  18.94680      4.00    142407  18433498  32855070    186569         0         0   3926412         0         0
  18.92544  18.92590      4.00    142639  18507956  32988820    186983         0         0   3925913         0         0
  18.90459  18.90510      4.00    142213  18443436  32902344    186236         0         0   3925707         0         0
  18.88378  18.88430      4.00    142288  18462650  32952752    186401         0         0   3925973         0         0
  18.86303  18.86360      4.00    142326  18553917  33123394    186960         0         0   3925990         0         0
  18.84232  18.84290      4.00    140098  18281480  32691502    183639         0         0   3927098         0         0
  18.82165  18.82220      4.00    139741  18090181  32411110    182960         0         0   3927505         0         0
  18.80103  18.80160      4.00    138617  17928290  32154119    181155         0         0   3928002         0         0
  18.78046  18.78110      4.00    138336  17984492  32263395    181286         0         0   3928053         0         0
  18.75994  18.76050      4.00    137913  17865155  32113981    181096         0         0   3927947         0         0
  18.73946  18.74000      4.00    136028  17685519  31834706    178422         0         0   3929009         0         0
  18.71902  18.71960      4.00    135530  17510065  31553287    177057         0         0   3929985         0         0
  18.69863  18.69910      4.00    135997  17520938  31589563    177981         0         0   3929722         0         0
  18.67829  18.67880      4.00    135487  17510249  31594059    177448         0         0   3929150         0         0
  18.65799  18.65850      4.00    135087  17494613  31599297    176399         0         0   3930575         0         0
  18.63774  18.63820      4.00    137039  17783030  32133710    179413         0         0   3931239         0         0
  18.61753  18.61790      4.00    136605  17659772  31956450    178612         0         0   3928689         0         0
  18.59736  18.59770      4.00    137758  17841581  32294328    180192         0         0   3928638         0         0
