15531.418481 	0.121034 
15537.036738 	0.119268 
15543.178334 	0.117447 
15549.272635 	0.115401 
15554.977901 	0.112957 
15560.989425 	0.110732 
15566.869323 	0.108555 
15572.748458 	0.106239 
15578.370200 	0.103958 
15584.618606 	0.101909 
15590.696934 	0.099884 
15596.389717 	0.097683 
15602.380765 	0.095381 
15608.537231 	0.093301 
15614.445946 	0.091094 
15620.008557 	0.088781 
15626.131334 	0.086612 
15632.160919 	0.084435 
15638.187366 	0.081914 
15644.100164 	0.079575 
15650.265743 	0.077682 
15656.341861 	0.075687 
15662.078640 	0.073795 
15668.233901 	0.072057 
15674.123193 	0.070458 
15680.121559 	0.068554 
15686.014356 	0.066454 
15692.157524 	0.064662 
15698.251617 	0.062641 
15704.102262 	0.060472 
15710.078739 	0.058316 
15716.153736 	0.056385 
15722.284279 	0.054165 
15728.163071 	0.051891 
15734.469694 	0.050011 
15740.534180 	0.048237 
15746.409836 	0.046389 
15752.357311 	0.044752 
15758.660884 	0.043348 
15764.796768 	0.041793 
15770.496960 	0.040222 
15776.705844 	0.038830 
15782.945226 	0.037595 
15789.035160 	0.036180 
15794.819275 	0.035074 
15801.157157 	0.034312 
15807.498953 	0.033921 
15813.294809 	0.034136 
15817.919360 	0.034785 
15819.787846 	0.035128 
15820.182422 	0.035412 
15820.577017 	0.035718 
15820.971633 	0.035754 
15821.366268 	0.035664 
15821.760923 	0.035809 
15821.958258 	0.035934 
15822.155598 	0.036059 
15822.550293 	0.036317 
15822.988866 	0.036513 
15823.405534 	0.036311 
15823.822223 	0.036623 
15824.217002 	0.036836 
15824.425365 	0.036915 
15824.633734 	0.036993 
15825.028554 	0.037214 
15825.401457 	0.037266 
15825.774378 	0.037710 
15826.147317 	0.037821 
15826.520273 	0.038307 
15826.893247 	0.038446 
15827.244298 	0.038452 
15827.617307 	0.038913 
15827.990333 	0.039163 
15828.363377 	0.039224 
15828.736439 	0.039641 
15829.109518 	0.040054 
15829.460668 	0.040311 
15829.833782 	0.040792 
15830.206914 	0.041118 
15830.558113 	0.041619 
15830.887376 	0.041948 
15831.216653 	0.042459 
15831.523991 	0.042696 
15831.831340 	0.043195 
15832.116747 	0.043611 
15832.424120 	0.044059 
15832.863245 	0.044856 
15833.324353 	0.045694 
15833.631773 	0.046520 
15833.961165 	0.047008 
15834.268611 	0.047658 
15834.598029 	0.048190 
15834.927462 	0.049176 
15835.256909 	0.049644 
15835.586369 	0.050559 
15835.915843 	0.051539 
15836.223365 	0.052438 
15836.717621 	0.053770 
15837.211908 	0.055406 
15837.563421 	0.056496 
15837.936920 	0.057818 
15838.123676 	0.058315 
15838.310437 	0.058812 
15838.705944 	0.059830 
15839.123446 	0.061293 
15839.540970 	0.062769 
15839.980493 	0.064446 
15840.200264 	0.065065 
15840.420041 	0.065684 
15840.859613 	0.067502 
15841.255249 	0.069294 
15841.672887 	0.071114 
15842.090546 	0.073291 
15842.486244 	0.075436 
15842.859977 	0.077500 
15843.057843 	0.078804 
15843.255714 	0.080109 
15843.673458 	0.082552 
15844.047247 	0.085313 
15844.465033 	0.088526 
15844.882841 	0.091756 
15845.300672 	0.094786 
15845.509595 	0.096504 
15845.718524 	0.098224 
15846.114405 	0.102017 
15846.532300 	0.106114 
15846.928222 	0.110275 
15847.324164 	0.115046 
15847.698127 	0.119991 
15848.072108 	0.125226 
15848.446107 	0.130602 
15848.798122 	0.136597 
15849.172155 	0.142899 
15849.546206 	0.149006 
15849.898270 	0.156071 
15850.085311 	0.159688 
15850.272356 	0.163322 
15850.646460 	0.170120 
15851.020581 	0.177801 
15851.394720 	0.186063 
15851.768877 	0.193526 
15852.121041 	0.201359 
15852.451209 	0.209419 
15852.803403 	0.217509 
15853.133600 	0.224675 
15853.595898 	0.235981 
15854.036208 	0.246711 
15854.344439 	0.253180 
15854.652683 	0.259787 
15854.938919 	0.265256 
15855.379304 	0.272428 
15855.841735 	0.279110 
15856.172059 	0.282250 
15856.502397 	0.285352 
15856.810725 	0.287609 
15857.141090 	0.289459 
15857.471469 	0.290408 
15857.801861 	0.290826 
15858.110240 	0.291217 
15858.440660 	0.291433 
15858.771093 	0.290851 
15859.101540 	0.289973 
15859.432002 	0.288558 
15859.784509 	0.287268 
15860.159065 	0.285566 
15860.555673 	0.283748 
15860.952301 	0.281836 
15861.370986 	0.279293 
15861.811731 	0.277044 
15862.032113 	0.275865 
15862.252501 	0.274687 
15862.671255 	0.272601 
15863.090031 	0.270066 
15863.508830 	0.267747 
15863.905607 	0.265643 
15864.302404 	0.263176 
15864.699222 	0.260736 
15864.886614 	0.259661 
15865.074012 	0.258590 
15865.470868 	0.256347 
15865.867744 	0.254126 
15866.264640 	0.251993 
15866.683608 	0.249843 
15867.102598 	0.247875 
15867.521610 	0.246089 
15867.720097 	0.245116 
15867.918589 	0.244144 
15868.337645 	0.242272 
15868.756723 	0.240418 
15869.153765 	0.238639 
15869.528767 	0.237149 
15869.903787 	0.235819 
15870.278825 	0.234358 
15870.631819 	0.232857 
15871.006891 	0.231277 
15871.381982 	0.230190 
15871.735025 	0.228718 
15872.110150 	0.227435 
15872.297719 	0.226919 
15872.485293 	0.226404 
15872.860454 	0.225102 
15873.213563 	0.224170 
15873.588759 	0.222833 
15873.963973 	0.221754 
15874.317131 	0.220986 
15874.648232 	0.219725 
15874.979346 	0.218888 
15875.465006 	0.217284 
15875.928618 	0.215850 
15876.237708 	0.215050 
15876.524731 	0.214160 
15876.833844 	0.213316 
15877.120889 	0.212731 
15877.584599 	0.211884 
15878.048336 	0.210930 
15878.357509 	0.210418 
15878.688779 	0.210033 
15879.020064 	0.209596 
15879.351362 	0.209274 
15879.660586 	0.208920 
15879.991911 	0.208795 
15880.301161 	0.208789 
15880.632513 	0.208627 
15880.963879 	0.208417 
15881.483047 	0.208627 
15881.836543 	0.208689 
15882.024344 	0.208807 
15882.399960 	0.208971 
15882.775594 	0.209056 
15883.195441 	0.209310 
15883.615310 	0.209344 
15884.057302 	0.209723 
15884.477217 	0.210266 
15884.698234 	0.210399 
15884.919257 	0.210533 
15885.339218 	0.211119 
15885.737097 	0.211262 
15886.157102 	0.211560 
15886.555022 	0.212276 
15886.930853 	0.212733 
15887.306703 	0.213015 
15887.505689 	0.213096 
15887.704681 	0.213176 
15888.102679 	0.213839 
15888.500697 	0.214067 
15888.920849 	0.214742 
15889.341024 	0.214927 
15889.761220 	0.215376 
15889.971327 	0.215571 
15890.181440 	0.215766 
15890.579563 	0.216360 
15890.999826 	0.216740 
15891.397990 	0.216909 
15891.774053 	0.217450 
15892.128010 	0.217507 
15892.504108 	0.217946 
15892.858098 	0.218105 
15893.234231 	0.218784 
15893.588254 	0.218766 
15893.964421 	0.219388 
15894.340606 	0.219586 
15894.716809 	0.220009 
15895.093030 	0.219952 
15895.447137 	0.220557 
15895.635263 	0.220704 
15895.823393 	0.220850 
15896.199667 	0.221162 
15896.697704 	0.221657 
15897.217909 	0.222170 
15897.527835 	0.222317 
15897.837774 	0.222813 
15898.147724 	0.223272 
15898.435546 	0.223456 
15898.745520 	0.223566 
15899.188361 	0.224109 
15899.653371 	0.224413 
15899.963392 	0.224560 
15900.273426 	0.224818 
15900.605619 	0.225077 
15900.937826 	0.225592 
15901.270046 	0.225720 
15901.580132 	0.225963 
15901.912379 	0.225907 
15902.244641 	0.226163 
15902.720907 	0.226635 
15903.219356 	0.226681 
15903.551673 	0.226479 
15903.906160 	0.227013 
15904.260663 	0.227053 
15904.659497 	0.227086 
15904.858922 	0.227215 
15905.058352 	0.227344 
15905.457227 	0.227200 
15905.900444 	0.227161 
15906.321524 	0.227218 
15906.764791 	0.227310 
15906.975351 	0.227337 
15907.185917 	0.227365 
15907.607066 	0.227088 
15908.006069 	0.227203 
15908.405093 	0.227144 
15908.804137 	0.226757 
15909.181031 	0.226945 
15909.580114 	0.226887 
15909.957044 	0.226609 
15910.167690 	0.226445 
15910.792268 	0.226217 
15912.440801 	0.225065 
15914.383998 	0.223309 
15916.221159 	0.221140 
15918.058747 	0.218825 
15919.889362 	0.216319 
15921.698937 	0.213641 
15923.627385 	0.211166 
15925.604441 	0.208719 
15927.481991 	0.207053 
15929.382215 	0.205509 
15931.396284 	0.204252 
15933.195152 	0.203197 
15935.043366 	0.202343 
15936.960983 	0.201425 
15938.816753 	0.200422 
15940.811710 	0.199853 
15942.726273 	0.199085 
15944.578201 	0.198599 
15946.530803 	0.198067 
15948.369510 	0.197608 
15950.147729 	0.197314 
15952.055637 	0.197140 
15954.053192 	0.196930 
15955.894020 	0.196658 
15957.733045 	0.196655 
15959.633857 	0.196387 
15961.499416 	0.196092 
15963.474800 	0.196034 
15965.361361 	0.195816 
15967.244648 	0.195593 
15969.191679 	0.195244 
15971.088540 	0.194734 
15972.934449 	0.194282 
15974.834442 	0.193922 
15976.824334 	0.193296 
15978.663752 	0.192799 
15980.496885 	0.192066 
15982.362888 	0.191400 
15984.382276 	0.190485 
15986.605380 	0.189397 
15988.919755 	0.187979 
15991.512432 	0.186356 
15994.205201 	0.184861 
15996.945055 	0.183434 
15999.559844 	0.182086 
16002.241192 	0.180813 
16004.719346 	0.179550 
16007.470714 	0.178149 
16010.086300 	0.176571 
16012.610090 	0.175118 
16015.277925 	0.173726 
16018.094633 	0.172553 
16020.792952 	0.171524 
16023.442382 	0.170503 
16026.056266 	0.169550 
16028.673153 	0.168502 
16031.312211 	0.167750 
16033.971002 	0.166678 
16036.734573 	0.165957 
16039.296887 	0.165166 
16042.053943 	0.164646 
16044.655156 	0.164015 
16047.341015 	0.163372 
16050.006824 	0.162687 
16052.592899 	0.162006 
16055.175513 	0.161162 
16057.876487 	0.160139 
16060.582143 	0.159186 
16063.445076 	0.158223 
16065.898222 	0.157392 
16068.553552 	0.156550 
16071.362239 	0.155566 
16073.971423 	0.154425 
16076.591974 	0.153259 
16079.247362 	0.151972 
16082.022592 	0.150663 
16084.655233 	0.149582 
16087.415610 	0.148699 
16090.040310 	0.147632 
16092.928963 	0.146602 
16096.140224 	0.145383 
16099.461777 	0.144098 
16102.781406 	0.142754 
16106.192109 	0.141428 
16109.708710 	0.140092 
16112.955157 	0.138901 
16116.418476 	0.137558 
16119.977903 	0.136165 
16123.477302 	0.134606 
16126.860986 	0.132998 
16130.164554 	0.131650 
16133.533340 	0.130462 
16137.022057 	0.129188 
16140.561749 	0.127835 
16144.055813 	0.126559 
16147.262541 	0.125171 
16150.591677 	0.123958 
16154.135974 	0.122821 
16157.460533 	0.121939 
16160.975895 	0.120949 
16164.421892 	0.119940 
16167.957282 	0.118708 
16171.308146 	0.117471 
16174.570109 	0.116123 
16178.099029 	0.114988 
16181.605283 	0.113819 
16185.261625 	0.112515 
16188.644075 	0.111233 
16191.996161 	0.109659 
16195.405335 	0.108192 
16198.721743 	0.107032 
16202.308253 	0.105779 
16205.858009 	0.104515 
16209.216845 	0.103220 
16212.747837 	0.101807 
16216.161633 	0.100407 
16219.508913 	0.098819 
16222.873133 	0.097694 
16226.429733 	0.096713 
16230.168066 	0.095531 
16234.013333 	0.094161 
16238.115961 	0.092584 
16242.248093 	0.090786 
16246.594709 	0.089422 
16250.789012 	0.088056 
16255.040221 	0.086538 
16259.298832 	0.084946 
16263.203086 	0.083157 
16267.265745 	0.081587 
16271.691213 	0.080049 
16275.889297 	0.078631 
16280.014402 	0.077208 
16284.201752 	0.075508 
16288.332366 	0.073962 
16292.649983 	0.072658 
16296.870609 	0.071156 
16300.988655 	0.069754 
16305.146850 	0.068320 
16309.277121 	0.066695 
16313.480468 	0.065205 
16317.918156 	0.063951 
16321.918528 	0.062758 
16325.920027 	0.061234 
16330.219288 	0.059670 
16334.347679 	0.058025 
16338.562028 	0.056488 
16342.853466 	0.055162 
16347.249364 	0.053825 
16351.476388 	0.052325 
16355.497257 	0.050750 
16359.627874 	0.049028 
16364.011535 	0.047712 
16368.243669 	0.046324 
16372.492958 	0.044988 
16376.857566 	0.043560 
16381.009751 	0.041768 
16385.184869 	0.040327 
16389.484541 	0.038988 
16393.725250 	0.037580 
16398.009802 	0.036084 
16402.641633 	0.034258 
16407.429448 	0.032424 
16412.568278 	0.030913 
16417.641455 	0.029335 
16422.629717 	0.027615 
16427.336386 	0.025792 
16432.160147 	0.024013 
16437.101669 	0.022449 
16442.135434 	0.020718 
16447.213018 	0.018942 
16451.916950 	0.016847 
16456.791280 	0.015167 
16461.772028 	0.013640 
16466.753114 	0.012175 
16471.732084 	0.010460 
16476.683894 	0.008785 
16481.807853 	0.007205 
16486.547056 	0.005784 
16491.441189 	0.004319 
16496.463008 	0.002322 
16501.319015 	0.000431 
16506.377956 	-0.001467 
16511.341563 	-0.003033 
16516.351230 	-0.004702 
16521.244926 	-0.006516 
16526.069641 	-0.008161 
16531.253677 	-0.009765 
16536.434998 	-0.011319 
16541.357478 	-0.012942 
16546.169146 	-0.014907 
16551.226230 	-0.016835 
16556.255632 	-0.018329 
16561.180664 	-0.019876 
16566.358449 	-0.021618 
16571.313643 	-0.023430 
16576.251535 	-0.025069 
16581.310510 	-0.026583 
16586.372779 	-0.028147 
16591.428109 	-0.029949 
16596.449468 	-0.031907 
16602.087322 	-0.033709 
16607.805814 	-0.035425 
16613.415748 	-0.037211 
16618.812893 	-0.039313 
16624.442836 	-0.041171 
16630.193636 	-0.042906 
16635.827417 	-0.044608 
16641.442213 	-0.046654 
16646.902047 	-0.048581 
16652.625504 	-0.050335 
16658.446482 	-0.052221 
16664.163310 	-0.054322 
16669.651671 	-0.056472 
16675.426521 	-0.058332 
16681.148488 	-0.060169 
16686.928110 	-0.062162 
16692.342741 	-0.064212 
16698.185848 	-0.066075 
16703.971223 	-0.067799 
16709.596297 	-0.069587 
16715.168748 	-0.071610 
16720.812385 	-0.073619 
16726.613563 	-0.075152 
16732.419740 	-0.076919 
16738.097260 	-0.078663 
16743.693462 	-0.080629 
16749.599212 	-0.082367 
16755.318365 	-0.084248 
16761.237157 	-0.086327 
16766.697597 	-0.088498 
16772.560357 	-0.090293 
16778.374978 	-0.091928 
16784.159213 	-0.093795 
16789.705239 	-0.095867 
16795.386672 	-0.098010 
16801.257221 	-0.099714 
16807.084144 	-0.101563 
16812.885023 	-0.103642 
16818.409165 	-0.105414 
16824.463644 	-0.107188 
16830.818651 	-0.109008 
16837.122948 	-0.111130 
16843.431519 	-0.113334 
16850.146573 	-0.115323 
16856.464078 	-0.117310 
16862.682205 	-0.119535 
16868.942098 	-0.121865 
16875.532276 	-0.123846 
16882.062973 	-0.125804 
16888.393352 	-0.127867 
16894.836538 	-0.129945 
16901.436972 	-0.131950 
16907.854946 	-0.133922 
16914.101354 	-0.136325 
16920.535743 	-0.138331 
16927.198047 	-0.140137 
16933.765682 	-0.142230 
16939.976348 	-0.144553 
16946.676980 	-0.146644 
16953.121954 	-0.148351 
16959.579601 	-0.150461 
16965.787176 	-0.152674 
16972.394518 	-0.154731 
16979.044810 	-0.156633 
16985.627735 	-0.158793 
16991.884311 	-0.160932 
16998.467086 	-0.162899 
17004.898984 	-0.164772 
17011.622884 	-0.166889 
17017.980252 	-0.169063 
17024.507050 	-0.170949 
17030.924115 	-0.172651 
17037.573167 	-0.174639 
17043.972724 	-0.176834 
17050.825661 	-0.178648 
17057.410553 	-0.180510 
17063.940870 	-0.182602 
17070.285439 	-0.184784 
17077.027092 	-0.186727 
17083.796228 	-0.188824 
17090.589929 	-0.191207 
17097.623990 	-0.193460 
17104.873963 	-0.195365 
17111.949318 	-0.197366 
17118.883593 	-0.199522 
17126.356063 	-0.201622 
17133.501989 	-0.203389 
17140.529883 	-0.205513 
17147.272323 	-0.207571 
17154.717444 	-0.209614 
17162.065667 	-0.211751 
17168.906052 	-0.213978 
17176.014425 	-0.216305 
17183.287803 	-0.218257 
17190.632229 	-0.220451 
17197.428434 	-0.222516 
17204.719035 	-0.224450 
17212.053558 	-0.226363 
17219.170314 	-0.228468 
17226.159153 	-0.230572 
17233.751551 	-0.232514 
17241.188481 	-0.234611 
17247.990842 	-0.236994 
17255.254392 	-0.239087 
17262.535501 	-0.241039 
17269.768903 	-0.243108 
17276.754766 	-0.245151 
17284.268392 	-0.246990 
17291.576245 	-0.248871 
17298.808319 	-0.250940 
17306.236587 	-0.253214 
17313.433357 	-0.254922 
17320.770205 	-0.257081 
17327.884488 	-0.259330 
17335.488590 	-0.261413 
