15531.236513 	0.121140 
15537.093981 	0.119419 
15543.128535 	0.117443 
15549.167969 	0.115344 
15555.039529 	0.113095 
15560.915707 	0.110855 
15566.796509 	0.108494 
15572.681939 	0.106234 
15578.572003 	0.104063 
15584.466707 	0.101988 
15590.366057 	0.099884 
15596.443775 	0.097748 
15602.526426 	0.095447 
15608.440018 	0.093231 
15614.358278 	0.091033 
15620.281211 	0.088848 
15626.208822 	0.086612 
15632.141117 	0.084294 
15638.078102 	0.081985 
15644.019781 	0.079762 
15649.966162 	0.077735 
15656.092353 	0.075687 
15662.223535 	0.073912 
15668.184328 	0.072145 
15674.149845 	0.070408 
15680.120091 	0.068599 
15686.095071 	0.066700 
15692.074791 	0.064768 
15698.059257 	0.062693 
15704.048474 	0.060733 
15710.042448 	0.058572 
15716.217692 	0.056382 
15722.397986 	0.054149 
15728.406546 	0.052083 
15734.419886 	0.050116 
15740.438012 	0.048237 
15746.460929 	0.046483 
15752.488643 	0.044884 
15758.521160 	0.043398 
15764.558486 	0.041849 
15770.600625 	0.040335 
15776.825510 	0.038867 
15783.055508 	0.037520 
15789.112409 	0.036185 
15795.174148 	0.035101 
15801.240730 	0.034294 
15807.312161 	0.033916 
15813.388447 	0.034119 
15818.038294 	0.034746 
15819.827454 	0.035128 
15820.185337 	0.035412 
15820.543236 	0.035718 
15820.901153 	0.035754 
15821.259086 	0.035664 
15821.617037 	0.035809 
15821.975004 	0.036059 
15822.332988 	0.036317 
15822.690988 	0.036513 
15823.049006 	0.036311 
15823.407041 	0.036623 
15823.765092 	0.036836 
15824.123160 	0.036993 
15824.481245 	0.037214 
15824.839347 	0.037266 
15825.197466 	0.037710 
15825.555601 	0.037821 
15825.913754 	0.038307 
15826.271923 	0.038446 
15826.630109 	0.038452 
15826.988312 	0.038913 
15827.346532 	0.039163 
15827.704769 	0.039224 
15828.063023 	0.039641 
15828.421293 	0.040054 
15828.779581 	0.040311 
15829.137885 	0.040792 
15829.496206 	0.041118 
15829.854544 	0.041619 
15830.033719 	0.041783 
15830.212899 	0.041948 
15830.571271 	0.042459 
15830.929659 	0.042696 
15831.288065 	0.043195 
15831.646487 	0.043611 
15832.004926 	0.044059 
15832.363383 	0.044729 
15832.721856 	0.044983 
15833.080346 	0.045694 
15833.438852 	0.046520 
15833.797376 	0.047008 
15834.155917 	0.047658 
15834.514474 	0.048190 
15834.873048 	0.049176 
15835.231640 	0.049644 
15835.590248 	0.050559 
15835.948873 	0.051539 
15836.307515 	0.052438 
15836.666173 	0.053200 
15837.024849 	0.054342 
15837.383542 	0.055406 
15837.742251 	0.056496 
15838.100978 	0.057818 
15838.459721 	0.058812 
15838.818481 	0.059830 
15839.177258 	0.061293 
15839.536052 	0.062769 
15839.894863 	0.064446 
15840.253691 	0.065684 
15840.612536 	0.067502 
15840.971397 	0.069294 
15841.330276 	0.071114 
15841.689171 	0.073291 
15842.048084 	0.075436 
15842.407013 	0.077500 
15842.765959 	0.080109 
15843.124922 	0.082552 
15843.483902 	0.085313 
15843.842899 	0.088526 
15844.201913 	0.091756 
15844.560944 	0.094786 
15844.919992 	0.098224 
15845.279056 	0.102017 
15845.638138 	0.106114 
15845.997236 	0.110275 
15846.356352 	0.115046 
15846.715484 	0.119991 
15847.074634 	0.125226 
15847.433800 	0.130602 
15847.613389 	0.133594 
15847.792983 	0.136597 
15848.152183 	0.142899 
15848.511400 	0.149006 
15848.870634 	0.156071 
15849.229885 	0.163322 
15849.589153 	0.170120 
15849.948437 	0.177801 
15850.307739 	0.186063 
15850.667058 	0.193526 
15851.026393 	0.201359 
15851.385746 	0.209419 
15851.745115 	0.217509 
15852.104502 	0.224675 
15852.463905 	0.232109 
15852.823325 	0.239870 
15853.182763 	0.246711 
15853.542217 	0.253180 
15853.901688 	0.259787 
15854.261176 	0.265256 
15854.620681 	0.269981 
15854.980203 	0.274882 
15855.339742 	0.279110 
15855.699298 	0.282250 
15856.058871 	0.285352 
15856.418461 	0.287609 
15856.778068 	0.289459 
15857.137692 	0.290408 
15857.497333 	0.290826 
15857.856990 	0.291217 
15858.216665 	0.291433 
15858.576357 	0.290851 
15858.936065 	0.289973 
15859.295791 	0.288558 
15859.655533 	0.287268 
15860.015293 	0.285566 
15860.375069 	0.283748 
15860.734863 	0.281836 
15861.094673 	0.279293 
15861.454501 	0.277044 
15861.814345 	0.274687 
15862.174207 	0.272601 
15862.534085 	0.270066 
15862.893980 	0.267747 
15863.253893 	0.265643 
15863.613822 	0.263176 
15863.973768 	0.260736 
15864.333732 	0.258590 
15864.693712 	0.256347 
15864.873709 	0.255236 
15865.053709 	0.254126 
15865.413724 	0.251993 
15865.773755 	0.249843 
15866.133803 	0.247875 
15866.493868 	0.246089 
15866.853951 	0.244144 
15867.214050 	0.242272 
15867.574166 	0.240418 
15867.934299 	0.238639 
15868.294450 	0.237149 
15868.654617 	0.235819 
15869.014801 	0.234358 
15869.375002 	0.232857 
15869.735221 	0.231277 
15870.095456 	0.230190 
15870.455708 	0.228718 
15870.815978 	0.227435 
15871.176264 	0.226404 
15871.536567 	0.225102 
15871.896887 	0.224170 
15872.257225 	0.222833 
15872.617579 	0.221754 
15872.977950 	0.220986 
15873.338339 	0.219725 
15873.698744 	0.218888 
15874.059167 	0.217795 
15874.419606 	0.216774 
15874.780063 	0.215850 
15875.140536 	0.215050 
15875.501027 	0.214160 
15875.861534 	0.213316 
15876.222059 	0.212731 
15876.582600 	0.212257 
15876.943159 	0.211512 
15877.303734 	0.210930 
15877.664327 	0.210418 
15878.024937 	0.210033 
15878.385564 	0.209596 
15878.746207 	0.209274 
15879.106868 	0.208920 
15879.467546 	0.208795 
15879.828241 	0.208789 
15880.188953 	0.208627 
15880.549682 	0.208417 
15880.910428 	0.208683 
15881.271191 	0.208570 
15881.631971 	0.208807 
15881.992768 	0.208971 
15882.353582 	0.209056 
15882.533996 	0.209183 
15882.714414 	0.209310 
15883.075262 	0.209344 
15883.436127 	0.209723 
15883.797010 	0.210266 
15884.157909 	0.210533 
15884.518826 	0.211119 
15884.879759 	0.211262 
15885.240710 	0.211560 
15885.601677 	0.212276 
15885.962662 	0.212733 
15886.323664 	0.213015 
15886.684683 	0.213176 
15887.045719 	0.213839 
15887.406772 	0.214067 
15887.767842 	0.214742 
15888.128929 	0.214927 
15888.490033 	0.215376 
15888.851154 	0.215766 
15889.212293 	0.216360 
15889.573448 	0.216740 
15889.934620 	0.216909 
15890.295810 	0.217450 
15890.657017 	0.217507 
15891.018240 	0.217946 
15891.379481 	0.218105 
15891.740739 	0.218784 
15892.102014 	0.218766 
15892.463306 	0.219388 
15892.824615 	0.219586 
15893.185941 	0.220009 
15893.547284 	0.219952 
15893.908645 	0.220557 
15894.270022 	0.220850 
15894.631416 	0.221162 
15894.992828 	0.221438 
15895.354257 	0.221877 
15895.715703 	0.222170 
15896.077165 	0.222317 
15896.438645 	0.222813 
15896.800142 	0.223272 
15897.161657 	0.223456 
15897.523188 	0.223566 
15897.884736 	0.224192 
15898.246302 	0.224026 
15898.607884 	0.224413 
15898.969484 	0.224560 
15899.331101 	0.224818 
15899.692735 	0.225077 
15899.873558 	0.225334 
15900.054386 	0.225592 
15900.416054 	0.225720 
15900.777739 	0.225963 
15901.139441 	0.225907 
15901.501161 	0.226163 
15901.862897 	0.226516 
15902.224651 	0.226753 
15902.586421 	0.226681 
15902.948209 	0.226479 
15903.310014 	0.227013 
15903.671836 	0.227053 
15904.033676 	0.227086 
15904.395532 	0.227344 
15904.757405 	0.227200 
15905.119296 	0.227161 
15905.481204 	0.227218 
15905.843129 	0.227310 
15906.205071 	0.227365 
15906.567030 	0.227088 
15906.929006 	0.227203 
15907.290999 	0.227144 
15907.653010 	0.226757 
15908.015037 	0.226945 
15908.377082 	0.226887 
15908.739144 	0.226609 
15909.101223 	0.226280 
15909.463319 	0.226259 
15909.825433 	0.226111 
15910.187563 	0.225560 
15910.911875 	0.225110 
15912.360706 	0.223722 
15914.172130 	0.221586 
15916.165192 	0.219044 
15918.158772 	0.216509 
15919.971569 	0.214337 
15921.784795 	0.212183 
15923.598451 	0.210098 
15925.593968 	0.208038 
15927.590005 	0.206149 
15929.405036 	0.204751 
15931.220498 	0.203509 
15933.036389 	0.202557 
15935.034367 	0.201504 
15937.032866 	0.200422 
15938.850135 	0.199906 
15940.667835 	0.199214 
15942.485967 	0.198808 
15944.486410 	0.198358 
15946.487374 	0.197885 
15948.306886 	0.197501 
15950.126830 	0.197103 
15951.947206 	0.197046 
15953.950118 	0.196740 
15955.953553 	0.196655 
15957.775312 	0.196387 
15959.597503 	0.196092 
15961.602413 	0.196034 
15963.607847 	0.195854 
15965.431423 	0.195637 
15967.255433 	0.195439 
15969.079875 	0.194959 
15971.087264 	0.194471 
15973.095176 	0.194075 
15974.921006 	0.193419 
15976.747271 	0.192854 
15978.573969 	0.192066 
15980.583840 	0.191281 
15982.594235 	0.190445 
15984.422324 	0.189608 
15986.433724 	0.188551 
15988.811512 	0.187269 
15991.556028 	0.185748 
15994.301522 	0.184242 
15996.864868 	0.182696 
15999.429068 	0.181276 
16001.994122 	0.179926 
16004.743344 	0.178577 
16007.493548 	0.177007 
16010.061292 	0.175717 
16012.629892 	0.174554 
16015.382914 	0.173216 
16018.136920 	0.171950 
16020.708215 	0.170916 
16023.280367 	0.169837 
16025.853378 	0.168764 
16028.611130 	0.167977 
16031.369867 	0.167004 
16033.945580 	0.166335 
16036.522153 	0.165693 
16039.283722 	0.164902 
16042.046280 	0.164275 
16044.625559 	0.163622 
16047.205701 	0.162850 
16049.786706 	0.162239 
16052.553026 	0.161373 
16055.320337 	0.160599 
16057.904055 	0.159720 
16060.488638 	0.158884 
16063.258794 	0.157800 
16066.029943 	0.156822 
16068.617245 	0.155874 
16071.205414 	0.154760 
16073.794449 	0.153637 
16076.569378 	0.152445 
16079.345302 	0.151387 
16081.937064 	0.150264 
16084.529694 	0.149260 
16087.308477 	0.148142 
16090.088257 	0.146954 
16092.869036 	0.145858 
16096.021793 	0.144678 
16099.361406 	0.143548 
16102.888116 	0.142310 
16106.416430 	0.140942 
16109.760528 	0.139557 
16113.106068 	0.138260 
16116.453052 	0.136791 
16119.801482 	0.135461 
16123.337505 	0.134115 
16126.875139 	0.132579 
16130.228071 	0.131316 
16133.582452 	0.129931 
16136.938282 	0.128585 
16140.295564 	0.127328 
16143.840937 	0.125974 
16147.387927 	0.124713 
16150.749728 	0.123615 
16154.112985 	0.122601 
16157.477696 	0.121493 
16161.030917 	0.120461 
16164.585761 	0.119301 
16167.955008 	0.118242 
16171.325714 	0.117155 
16174.697881 	0.115822 
16178.071509 	0.114695 
16181.634148 	0.113288 
16185.198416 	0.111954 
16188.576597 	0.110608 
16191.956243 	0.109190 
16195.337356 	0.108024 
16198.719936 	0.106864 
16202.292030 	0.105385 
16205.865760 	0.103966 
16209.252911 	0.102625 
16212.641532 	0.101331 
16216.031626 	0.100107 
16219.423193 	0.098675 
16223.004780 	0.097481 
16226.588010 	0.096341 
16230.172885 	0.095052 
16234.137030 	0.093604 
16238.292102 	0.092160 
16242.449383 	0.090592 
16246.608876 	0.089238 
16250.770583 	0.087659 
16254.934504 	0.086139 
16259.100643 	0.084597 
16263.269000 	0.082937 
16267.439578 	0.081446 
16271.612378 	0.079826 
16275.787403 	0.078325 
16279.964653 	0.076742 
16284.144130 	0.075268 
16288.325837 	0.073888 
16292.509775 	0.072587 
16296.695946 	0.070943 
16300.884352 	0.069420 
16305.074994 	0.067982 
16309.267875 	0.066573 
16313.462995 	0.065205 
16317.660358 	0.063895 
16321.859964 	0.062416 
16326.061815 	0.060875 
16330.265914 	0.059400 
16334.472261 	0.057952 
16338.680860 	0.056446 
16342.891711 	0.054951 
16347.104817 	0.053562 
16351.320179 	0.052040 
16355.537798 	0.050629 
16359.757678 	0.049028 
16363.979820 	0.047596 
16368.204224 	0.046169 
16372.430895 	0.044753 
16376.659832 	0.043435 
16380.891038 	0.041826 
16385.124515 	0.040400 
16389.360265 	0.038914 
16393.598288 	0.037390 
16398.031384 	0.035820 
16402.852791 	0.034105 
16407.677140 	0.032424 
16412.504439 	0.030840 
16417.527957 	0.029139 
16422.361275 	0.027488 
16427.197549 	0.025872 
16432.230411 	0.024070 
16437.266476 	0.022298 
16442.111869 	0.020521 
16446.960229 	0.018873 
16452.005672 	0.016923 
16456.860091 	0.015225 
16461.717486 	0.013576 
16466.772334 	0.011980 
16471.830406 	0.010342 
16476.696979 	0.008926 
16481.566539 	0.007318 
16486.634050 	0.005667 
16491.509708 	0.004123 
16496.388362 	0.002305 
16501.465340 	0.000570 
16506.545563 	-0.001444 
16511.433455 	-0.003171 
16516.324353 	-0.004835 
16521.414078 	-0.006510 
16526.311114 	-0.008051 
16531.211166 	-0.009687 
16536.310419 	-0.011375 
16541.216627 	-0.013018 
16546.125857 	-0.014777 
16551.234666 	-0.016631 
16556.346749 	-0.018333 
16561.265305 	-0.019983 
16566.186896 	-0.021613 
16571.308570 	-0.023242 
16576.236357 	-0.024868 
16581.167187 	-0.026528 
16586.298480 	-0.028208 
16591.235524 	-0.029854 
16596.373287 	-0.031665 
16601.909956 	-0.033501 
16607.450459 	-0.035368 
16613.192884 	-0.037211 
16618.939430 	-0.039175 
16624.491735 	-0.040980 
16630.047891 	-0.042845 
16635.806546 	-0.044669 
16641.569338 	-0.046597 
16647.137346 	-0.048375 
16652.709221 	-0.050278 
16658.284967 	-0.052221 
16664.063933 	-0.054243 
16669.847058 	-0.056286 
16675.434719 	-0.058183 
16681.026267 	-0.060169 
16686.821616 	-0.062162 
16692.621143 	-0.064096 
16698.224656 	-0.065878 
16703.832073 	-0.067724 
16709.443399 	-0.069587 
16715.259253 	-0.071503 
16721.079307 	-0.073388 
16726.702661 	-0.075101 
16732.329940 	-0.076919 
16738.162335 	-0.078595 
16743.998947 	-0.080456 
16749.638305 	-0.082224 
16755.281605 	-0.084248 
16760.928850 	-0.086187 
16766.781947 	-0.088230 
16772.639283 	-0.090105 
16778.298672 	-0.091859 
16783.962024 	-0.093724 
16789.831820 	-0.095678 
16795.705874 	-0.097776 
16801.381421 	-0.099646 
16807.060947 	-0.101563 
16812.744457 	-0.103466 
16818.635154 	-0.105170 
16824.733483 	-0.107124 
16830.836401 	-0.109008 
16837.147574 	-0.111007 
16843.667484 	-0.113072 
16849.988640 	-0.115106 
16856.314720 	-0.117251 
16862.850033 	-0.119411 
16869.186131 	-0.121566 
16875.527168 	-0.123712 
16882.077942 	-0.125804 
16888.429033 	-0.127690 
16894.785081 	-0.129634 
16901.351368 	-0.131786 
16907.717506 	-0.133863 
16914.088620 	-0.136024 
16920.670475 	-0.138115 
16927.051714 	-0.139991 
16933.437945 	-0.142108 
16940.035425 	-0.144279 
16946.431817 	-0.146297 
16952.833220 	-0.148261 
16959.446379 	-0.150388 
16966.064889 	-0.152487 
16972.481679 	-0.154533 
16978.903503 	-0.156564 
16985.537767 	-0.158733 
16991.969837 	-0.160672 
16998.406959 	-0.162700 
17005.057034 	-0.164829 
17011.504439 	-0.166820 
17017.956914 	-0.168817 
17024.622856 	-0.170868 
17031.085650 	-0.172786 
17037.553533 	-0.174640 
17044.235399 	-0.176703 
17050.713638 	-0.178587 
17057.196984 	-0.180569 
17063.894831 	-0.182594 
17070.388569 	-0.184656 
17076.887433 	-0.186739 
17083.601318 	-0.188949 
17090.530745 	-0.191220 
17097.676248 	-0.193394 
17104.827946 	-0.195478 
17111.985845 	-0.197558 
17119.149955 	-0.199522 
17126.320284 	-0.201597 
17133.285673 	-0.203526 
17140.256937 	-0.205512 
17147.445602 	-0.207509 
17154.640516 	-0.209688 
17161.841688 	-0.211851 
17169.049127 	-0.214005 
17176.262841 	-0.216280 
17183.482837 	-0.218442 
17190.496496 	-0.220533 
17197.516090 	-0.222400 
17204.754612 	-0.224435 
17211.999450 	-0.226484 
17219.250611 	-0.228478 
17226.508104 	-0.230504 
17233.771936 	-0.232586 
17241.042117 	-0.234662 
17248.104547 	-0.236861 
17255.172974 	-0.238965 
17262.461874 	-0.241100 
17269.757155 	-0.243110 
17277.058825 	-0.245045 
17284.366893 	-0.246972 
17291.681367 	-0.249012 
17299.002255 	-0.250843 
17306.113965 	-0.253027 
17313.231735 	-0.254960 
17320.571539 	-0.257064 
17327.917790 	-0.259121 
17335.270498 	-0.261303 
